{
 "cells": [
  {
   "cell_type": "code",
   "execution_count": 132,
   "metadata": {},
   "outputs": [],
   "source": [
    "from pyspark.sql.functions import randn, rand, sum, col, round\n",
    "import numpy as np\n",
    "import time\n",
    "import pandas as pd\n",
    "import matplotlib.pyplot as plt"
   ]
  },
  {
   "cell_type": "code",
   "execution_count": 133,
   "metadata": {},
   "outputs": [],
   "source": [
    "df18v1 = spark.read.csv('data/pluto_18v1.csv', header=True)\n",
    "df18v11 = spark.read.csv('data/pluto_18v11.csv', header=True)\n",
    "df18v2 = spark.read.csv('data/pluto_18v2.csv', header=True)\n",
    "df17v11 = spark.read.csv('data/pluto_17v11.csv', header=True)"
   ]
  },
  {
   "cell_type": "markdown",
   "metadata": {},
   "source": [
    "convert column names all to lower case"
   ]
  },
  {
   "cell_type": "code",
   "execution_count": 134,
   "metadata": {},
   "outputs": [],
   "source": [
    "df18v1 = df18v1.select([col(A).alias(A.lower()) for A in df18v1.schema.names])\n",
    "df18v11 = df18v11.select([col(A).alias(A.lower()) for A in df18v11.schema.names])\n",
    "df18v2 = df18v2.select([col(A).alias(A.lower()) for A in df18v2.schema.names])\n",
    "df17v11 = df17v11.select([col(A).alias(A.lower()) for A in df17v11.schema.names])"
   ]
  },
  {
   "cell_type": "code",
   "execution_count": 135,
   "metadata": {},
   "outputs": [],
   "source": [
    "cols = df18v1.columns"
   ]
  },
  {
   "cell_type": "code",
   "execution_count": 136,
   "metadata": {},
   "outputs": [],
   "source": [
    "df18v1 = df18v1.select(cols)\n",
    "df18v11 = df18v11.select(cols)\n",
    "df18v2 = df18v2.select(cols)\n",
    "df17v11 = df17v11.select(cols)"
   ]
  },
  {
   "cell_type": "code",
   "execution_count": 137,
   "metadata": {},
   "outputs": [],
   "source": [
    "df =df18v1.union(df18v2).union(df17v11).union(df18v11)"
   ]
  },
  {
   "cell_type": "code",
   "execution_count": 157,
   "metadata": {},
   "outputs": [],
   "source": [
    "start_time = time.time()\n",
    "summary = df.groupBy(\"version\").agg(sum(\"unitsres\"),\n",
    "                                    sum(\"lotarea\"),\n",
    "                                    sum(\"bldgarea\"),\n",
    "                                    sum(\"comarea\"),\n",
    "                                    sum(\"resarea\"),\n",
    "                                    sum(\"officearea\"),\n",
    "                                    sum(\"retailarea\"),\n",
    "                                    sum(\"garagearea\"),\n",
    "                                    sum(\"strgearea\"),\n",
    "                                    sum(\"factryarea\"),\n",
    "                                    sum(\"otherarea\"),\n",
    "                                    sum(\"assessland\"),\n",
    "                                    sum(\"assesstot\"),\n",
    "                                    sum(\"exemptland\"),\n",
    "                                    sum(\"exempttot\"),\n",
    "                                    sum(\"firm07_flag\"),\n",
    "                                    sum(\"pfirm15_flag\"),\n",
    "                                   sum(col(\"lotarea\")*col(\"builtfar\")),\n",
    "                                   sum(col(\"lotarea\")*col(\"residfar\")),\n",
    "                                   sum(col(\"lotarea\")*col(\"commfar\")),\n",
    "                                   sum(col(\"lotarea\")*col(\"facilfar\"))).toPandas()\n",
    "elapsed_time = time.time() - start_time"
   ]
  },
  {
   "cell_type": "code",
   "execution_count": 158,
   "metadata": {},
   "outputs": [
    {
     "data": {
      "text/plain": [
       "24.595906019210815"
      ]
     },
     "execution_count": 158,
     "metadata": {},
     "output_type": "execute_result"
    }
   ],
   "source": [
    "elapsed_time"
   ]
  },
  {
   "cell_type": "code",
   "execution_count": 159,
   "metadata": {},
   "outputs": [],
   "source": [
    "agg_cols = ['version','UnitsRes','LotArea','BldgArea','ComArea',\n",
    " 'ResArea','OfficeArea','RetailArea','GarageArea',\n",
    " 'StrgeArea','FactryArea','OtherArea','AssessLand',\n",
    " 'AssessTot','ExemptLand','ExemptTot','FIRM07_FLAG',\n",
    " 'PFIRM15_FLAG','LotAreaXBuiltFAR', 'LotAreaXResidFAR',\n",
    "'LotAreaXCommFAR', 'LotAreaXFacilFAR']"
   ]
  },
  {
   "cell_type": "code",
   "execution_count": 160,
   "metadata": {},
   "outputs": [],
   "source": [
    "summary.columns = agg_cols"
   ]
  },
  {
   "cell_type": "code",
   "execution_count": 161,
   "metadata": {},
   "outputs": [],
   "source": [
    "# summaryMN = summary[summary.Borough == 'MN']\n",
    "# summarySI = summary[summary.Borough == 'SI']\n",
    "# summaryBK = summary[summary.Borough == 'BK']\n",
    "# summaryBX = summary[summary.Borough == 'BX']\n",
    "# summaryQN = summary[summary.Borough == 'QN']\n",
    "summary.index = summary.version"
   ]
  },
  {
   "cell_type": "code",
   "execution_count": 163,
   "metadata": {},
   "outputs": [
    {
     "data": {
      "text/html": [
       "<div>\n",
       "<style scoped>\n",
       "    .dataframe tbody tr th:only-of-type {\n",
       "        vertical-align: middle;\n",
       "    }\n",
       "\n",
       "    .dataframe tbody tr th {\n",
       "        vertical-align: top;\n",
       "    }\n",
       "\n",
       "    .dataframe thead th {\n",
       "        text-align: right;\n",
       "    }\n",
       "</style>\n",
       "<table border=\"1\" class=\"dataframe\">\n",
       "  <thead>\n",
       "    <tr style=\"text-align: right;\">\n",
       "      <th></th>\n",
       "      <th>version</th>\n",
       "      <th>UnitsRes</th>\n",
       "      <th>LotArea</th>\n",
       "      <th>BldgArea</th>\n",
       "      <th>ComArea</th>\n",
       "      <th>ResArea</th>\n",
       "      <th>OfficeArea</th>\n",
       "      <th>RetailArea</th>\n",
       "      <th>GarageArea</th>\n",
       "      <th>StrgeArea</th>\n",
       "      <th>...</th>\n",
       "      <th>AssessLand</th>\n",
       "      <th>AssessTot</th>\n",
       "      <th>ExemptLand</th>\n",
       "      <th>ExemptTot</th>\n",
       "      <th>FIRM07_FLAG</th>\n",
       "      <th>PFIRM15_FLAG</th>\n",
       "      <th>LotAreaXBuiltFAR</th>\n",
       "      <th>LotAreaXResidFAR</th>\n",
       "      <th>LotAreaXCommFAR</th>\n",
       "      <th>LotAreaXFacilFAR</th>\n",
       "    </tr>\n",
       "    <tr>\n",
       "      <th>version</th>\n",
       "      <th></th>\n",
       "      <th></th>\n",
       "      <th></th>\n",
       "      <th></th>\n",
       "      <th></th>\n",
       "      <th></th>\n",
       "      <th></th>\n",
       "      <th></th>\n",
       "      <th></th>\n",
       "      <th></th>\n",
       "      <th></th>\n",
       "      <th></th>\n",
       "      <th></th>\n",
       "      <th></th>\n",
       "      <th></th>\n",
       "      <th></th>\n",
       "      <th></th>\n",
       "      <th></th>\n",
       "      <th></th>\n",
       "      <th></th>\n",
       "      <th></th>\n",
       "    </tr>\n",
       "  </thead>\n",
       "  <tbody>\n",
       "    <tr>\n",
       "      <th>17v1.1</th>\n",
       "      <td>17v1.1</td>\n",
       "      <td>3535776.0</td>\n",
       "      <td>6.813541e+09</td>\n",
       "      <td>5.464293e+09</td>\n",
       "      <td>1.815464e+09</td>\n",
       "      <td>3.449799e+09</td>\n",
       "      <td>649838284.0</td>\n",
       "      <td>276187004.0</td>\n",
       "      <td>122093670.0</td>\n",
       "      <td>104659836.0</td>\n",
       "      <td>...</td>\n",
       "      <td>9.822458e+10</td>\n",
       "      <td>3.846283e+11</td>\n",
       "      <td>4.492449e+10</td>\n",
       "      <td>1.478786e+11</td>\n",
       "      <td>34569.0</td>\n",
       "      <td>65628.0</td>\n",
       "      <td>5.446584e+09</td>\n",
       "      <td>6.685347e+09</td>\n",
       "      <td>2.863380e+09</td>\n",
       "      <td>1.216741e+10</td>\n",
       "    </tr>\n",
       "    <tr>\n",
       "      <th>18v2</th>\n",
       "      <td>18v2</td>\n",
       "      <td>3572158.0</td>\n",
       "      <td>6.494762e+09</td>\n",
       "      <td>5.423755e+09</td>\n",
       "      <td>1.632128e+09</td>\n",
       "      <td>3.132005e+09</td>\n",
       "      <td>559981100.0</td>\n",
       "      <td>237699967.0</td>\n",
       "      <td>102022869.0</td>\n",
       "      <td>92064011.0</td>\n",
       "      <td>...</td>\n",
       "      <td>9.784966e+10</td>\n",
       "      <td>3.936764e+11</td>\n",
       "      <td>4.458468e+10</td>\n",
       "      <td>1.446464e+11</td>\n",
       "      <td>39996.0</td>\n",
       "      <td>53129.0</td>\n",
       "      <td>5.421707e+09</td>\n",
       "      <td>6.097803e+09</td>\n",
       "      <td>2.415770e+09</td>\n",
       "      <td>1.139431e+10</td>\n",
       "    </tr>\n",
       "    <tr>\n",
       "      <th>18V1.1</th>\n",
       "      <td>18V1.1</td>\n",
       "      <td>3555871.0</td>\n",
       "      <td>6.815806e+09</td>\n",
       "      <td>5.484765e+09</td>\n",
       "      <td>1.816284e+09</td>\n",
       "      <td>3.470204e+09</td>\n",
       "      <td>652968426.0</td>\n",
       "      <td>276388698.0</td>\n",
       "      <td>122406091.0</td>\n",
       "      <td>102263027.0</td>\n",
       "      <td>...</td>\n",
       "      <td>9.779918e+10</td>\n",
       "      <td>3.955918e+11</td>\n",
       "      <td>4.414227e+10</td>\n",
       "      <td>1.422077e+11</td>\n",
       "      <td>34562.0</td>\n",
       "      <td>65618.0</td>\n",
       "      <td>5.448441e+09</td>\n",
       "      <td>6.733094e+09</td>\n",
       "      <td>2.970381e+09</td>\n",
       "      <td>1.247463e+10</td>\n",
       "    </tr>\n",
       "    <tr>\n",
       "      <th>18V1</th>\n",
       "      <td>18V1</td>\n",
       "      <td>3555871.0</td>\n",
       "      <td>6.815806e+09</td>\n",
       "      <td>5.484765e+09</td>\n",
       "      <td>1.816284e+09</td>\n",
       "      <td>3.470204e+09</td>\n",
       "      <td>652968426.0</td>\n",
       "      <td>276388698.0</td>\n",
       "      <td>122406091.0</td>\n",
       "      <td>102263027.0</td>\n",
       "      <td>...</td>\n",
       "      <td>9.779918e+10</td>\n",
       "      <td>3.955918e+11</td>\n",
       "      <td>4.414227e+10</td>\n",
       "      <td>1.422077e+11</td>\n",
       "      <td>34562.0</td>\n",
       "      <td>65618.0</td>\n",
       "      <td>5.448441e+09</td>\n",
       "      <td>6.733104e+09</td>\n",
       "      <td>2.865011e+09</td>\n",
       "      <td>1.219444e+10</td>\n",
       "    </tr>\n",
       "  </tbody>\n",
       "</table>\n",
       "<p>4 rows × 22 columns</p>\n",
       "</div>"
      ],
      "text/plain": [
       "        version   UnitsRes       LotArea      BldgArea       ComArea  \\\n",
       "version                                                                \n",
       "17v1.1   17v1.1  3535776.0  6.813541e+09  5.464293e+09  1.815464e+09   \n",
       "18v2       18v2  3572158.0  6.494762e+09  5.423755e+09  1.632128e+09   \n",
       "18V1.1   18V1.1  3555871.0  6.815806e+09  5.484765e+09  1.816284e+09   \n",
       "18V1       18V1  3555871.0  6.815806e+09  5.484765e+09  1.816284e+09   \n",
       "\n",
       "              ResArea   OfficeArea   RetailArea   GarageArea    StrgeArea  \\\n",
       "version                                                                     \n",
       "17v1.1   3.449799e+09  649838284.0  276187004.0  122093670.0  104659836.0   \n",
       "18v2     3.132005e+09  559981100.0  237699967.0  102022869.0   92064011.0   \n",
       "18V1.1   3.470204e+09  652968426.0  276388698.0  122406091.0  102263027.0   \n",
       "18V1     3.470204e+09  652968426.0  276388698.0  122406091.0  102263027.0   \n",
       "\n",
       "               ...           AssessLand     AssessTot    ExemptLand  \\\n",
       "version        ...                                                    \n",
       "17v1.1         ...         9.822458e+10  3.846283e+11  4.492449e+10   \n",
       "18v2           ...         9.784966e+10  3.936764e+11  4.458468e+10   \n",
       "18V1.1         ...         9.779918e+10  3.955918e+11  4.414227e+10   \n",
       "18V1           ...         9.779918e+10  3.955918e+11  4.414227e+10   \n",
       "\n",
       "            ExemptTot  FIRM07_FLAG  PFIRM15_FLAG  LotAreaXBuiltFAR  \\\n",
       "version                                                              \n",
       "17v1.1   1.478786e+11      34569.0       65628.0      5.446584e+09   \n",
       "18v2     1.446464e+11      39996.0       53129.0      5.421707e+09   \n",
       "18V1.1   1.422077e+11      34562.0       65618.0      5.448441e+09   \n",
       "18V1     1.422077e+11      34562.0       65618.0      5.448441e+09   \n",
       "\n",
       "         LotAreaXResidFAR  LotAreaXCommFAR  LotAreaXFacilFAR  \n",
       "version                                                       \n",
       "17v1.1       6.685347e+09     2.863380e+09      1.216741e+10  \n",
       "18v2         6.097803e+09     2.415770e+09      1.139431e+10  \n",
       "18V1.1       6.733094e+09     2.970381e+09      1.247463e+10  \n",
       "18V1         6.733104e+09     2.865011e+09      1.219444e+10  \n",
       "\n",
       "[4 rows x 22 columns]"
      ]
     },
     "execution_count": 163,
     "metadata": {},
     "output_type": "execute_result"
    }
   ],
   "source": [
    "summary"
   ]
  },
  {
   "cell_type": "code",
   "execution_count": 108,
   "metadata": {},
   "outputs": [],
   "source": [
    "# sMN = summaryMN.iloc[:, 2:].pct_change()\n",
    "# sSI = summarySI.iloc[:, 2:].pct_change()\n",
    "# sQN = summaryQN.iloc[:, 2:].pct_change()\n",
    "# sBK = summaryBK.iloc[:, 2:].pct_change()\n",
    "# sBX = summaryBX.iloc[:, 2:].pct_change()"
   ]
  },
  {
   "cell_type": "code",
   "execution_count": 107,
   "metadata": {},
   "outputs": [
    {
     "data": {
      "text/html": [
       "<div>\n",
       "<style scoped>\n",
       "    .dataframe tbody tr th:only-of-type {\n",
       "        vertical-align: middle;\n",
       "    }\n",
       "\n",
       "    .dataframe tbody tr th {\n",
       "        vertical-align: top;\n",
       "    }\n",
       "\n",
       "    .dataframe thead th {\n",
       "        text-align: right;\n",
       "    }\n",
       "</style>\n",
       "<table border=\"1\" class=\"dataframe\">\n",
       "  <thead>\n",
       "    <tr style=\"text-align: right;\">\n",
       "      <th></th>\n",
       "      <th>UnitsRes</th>\n",
       "      <th>LotArea</th>\n",
       "      <th>BldgArea</th>\n",
       "      <th>ComArea</th>\n",
       "      <th>ResArea</th>\n",
       "      <th>OfficeArea</th>\n",
       "      <th>RetailArea</th>\n",
       "      <th>GarageArea</th>\n",
       "      <th>StrgeArea</th>\n",
       "      <th>FactryArea</th>\n",
       "      <th>...</th>\n",
       "      <th>AssessLand</th>\n",
       "      <th>AssessTot</th>\n",
       "      <th>ExemptLand</th>\n",
       "      <th>ExemptTot</th>\n",
       "      <th>FIRM07_FLAG</th>\n",
       "      <th>PFIRM15_FLAG</th>\n",
       "      <th>LotAreaXBuiltFAR</th>\n",
       "      <th>LotAreaXResidFAR</th>\n",
       "      <th>LotAreaXCommFAR</th>\n",
       "      <th>LotAreaXFacilFAR</th>\n",
       "    </tr>\n",
       "  </thead>\n",
       "  <tbody>\n",
       "    <tr>\n",
       "      <th>0</th>\n",
       "      <td>NaN</td>\n",
       "      <td>NaN</td>\n",
       "      <td>NaN</td>\n",
       "      <td>NaN</td>\n",
       "      <td>NaN</td>\n",
       "      <td>NaN</td>\n",
       "      <td>NaN</td>\n",
       "      <td>NaN</td>\n",
       "      <td>NaN</td>\n",
       "      <td>NaN</td>\n",
       "      <td>...</td>\n",
       "      <td>NaN</td>\n",
       "      <td>NaN</td>\n",
       "      <td>NaN</td>\n",
       "      <td>NaN</td>\n",
       "      <td>NaN</td>\n",
       "      <td>NaN</td>\n",
       "      <td>NaN</td>\n",
       "      <td>NaN</td>\n",
       "      <td>NaN</td>\n",
       "      <td>NaN</td>\n",
       "    </tr>\n",
       "    <tr>\n",
       "      <th>8</th>\n",
       "      <td>-0.001973</td>\n",
       "      <td>0.08514</td>\n",
       "      <td>0.015681</td>\n",
       "      <td>0.185582</td>\n",
       "      <td>0.24902</td>\n",
       "      <td>0.196857</td>\n",
       "      <td>0.333721</td>\n",
       "      <td>0.299546</td>\n",
       "      <td>0.191683</td>\n",
       "      <td>0.085712</td>\n",
       "      <td>...</td>\n",
       "      <td>-0.000116</td>\n",
       "      <td>0.005217</td>\n",
       "      <td>-0.012077</td>\n",
       "      <td>-0.017188</td>\n",
       "      <td>-0.184796</td>\n",
       "      <td>-0.155194</td>\n",
       "      <td>0.006836</td>\n",
       "      <td>0.195783</td>\n",
       "      <td>0.301331</td>\n",
       "      <td>0.186097</td>\n",
       "    </tr>\n",
       "  </tbody>\n",
       "</table>\n",
       "<p>2 rows × 21 columns</p>\n",
       "</div>"
      ],
      "text/plain": [
       "   UnitsRes  LotArea  BldgArea   ComArea  ResArea  OfficeArea  RetailArea  \\\n",
       "0       NaN      NaN       NaN       NaN      NaN         NaN         NaN   \n",
       "8 -0.001973  0.08514  0.015681  0.185582  0.24902    0.196857    0.333721   \n",
       "\n",
       "   GarageArea  StrgeArea  FactryArea        ...         AssessLand  AssessTot  \\\n",
       "0         NaN        NaN         NaN        ...                NaN        NaN   \n",
       "8    0.299546   0.191683    0.085712        ...          -0.000116   0.005217   \n",
       "\n",
       "   ExemptLand  ExemptTot  FIRM07_FLAG  PFIRM15_FLAG  LotAreaXBuiltFAR  \\\n",
       "0         NaN        NaN          NaN           NaN               NaN   \n",
       "8   -0.012077  -0.017188    -0.184796     -0.155194          0.006836   \n",
       "\n",
       "   LotAreaXResidFAR  LotAreaXCommFAR  LotAreaXFacilFAR  \n",
       "0               NaN              NaN               NaN  \n",
       "8          0.195783         0.301331          0.186097  \n",
       "\n",
       "[2 rows x 21 columns]"
      ]
     },
     "execution_count": 107,
     "metadata": {},
     "output_type": "execute_result"
    }
   ],
   "source": [
    "# sMN"
   ]
  },
  {
   "cell_type": "code",
   "execution_count": 169,
   "metadata": {},
   "outputs": [],
   "source": [
    "summary = summary.reindex(['18v2', '18V1.1', '18V1', '17v1.1'])"
   ]
  },
  {
   "cell_type": "code",
   "execution_count": 170,
   "metadata": {},
   "outputs": [
    {
     "data": {
      "text/html": [
       "<div>\n",
       "<style scoped>\n",
       "    .dataframe tbody tr th:only-of-type {\n",
       "        vertical-align: middle;\n",
       "    }\n",
       "\n",
       "    .dataframe tbody tr th {\n",
       "        vertical-align: top;\n",
       "    }\n",
       "\n",
       "    .dataframe thead th {\n",
       "        text-align: right;\n",
       "    }\n",
       "</style>\n",
       "<table border=\"1\" class=\"dataframe\">\n",
       "  <thead>\n",
       "    <tr style=\"text-align: right;\">\n",
       "      <th></th>\n",
       "      <th>version</th>\n",
       "      <th>UnitsRes</th>\n",
       "      <th>LotArea</th>\n",
       "      <th>BldgArea</th>\n",
       "      <th>ComArea</th>\n",
       "      <th>ResArea</th>\n",
       "      <th>OfficeArea</th>\n",
       "      <th>RetailArea</th>\n",
       "      <th>GarageArea</th>\n",
       "      <th>StrgeArea</th>\n",
       "      <th>...</th>\n",
       "      <th>AssessLand</th>\n",
       "      <th>AssessTot</th>\n",
       "      <th>ExemptLand</th>\n",
       "      <th>ExemptTot</th>\n",
       "      <th>FIRM07_FLAG</th>\n",
       "      <th>PFIRM15_FLAG</th>\n",
       "      <th>LotAreaXBuiltFAR</th>\n",
       "      <th>LotAreaXResidFAR</th>\n",
       "      <th>LotAreaXCommFAR</th>\n",
       "      <th>LotAreaXFacilFAR</th>\n",
       "    </tr>\n",
       "    <tr>\n",
       "      <th>version</th>\n",
       "      <th></th>\n",
       "      <th></th>\n",
       "      <th></th>\n",
       "      <th></th>\n",
       "      <th></th>\n",
       "      <th></th>\n",
       "      <th></th>\n",
       "      <th></th>\n",
       "      <th></th>\n",
       "      <th></th>\n",
       "      <th></th>\n",
       "      <th></th>\n",
       "      <th></th>\n",
       "      <th></th>\n",
       "      <th></th>\n",
       "      <th></th>\n",
       "      <th></th>\n",
       "      <th></th>\n",
       "      <th></th>\n",
       "      <th></th>\n",
       "      <th></th>\n",
       "    </tr>\n",
       "  </thead>\n",
       "  <tbody>\n",
       "    <tr>\n",
       "      <th>18v2</th>\n",
       "      <td>18v2</td>\n",
       "      <td>3572158.0</td>\n",
       "      <td>6.494762e+09</td>\n",
       "      <td>5.423755e+09</td>\n",
       "      <td>1.632128e+09</td>\n",
       "      <td>3.132005e+09</td>\n",
       "      <td>559981100.0</td>\n",
       "      <td>237699967.0</td>\n",
       "      <td>102022869.0</td>\n",
       "      <td>92064011.0</td>\n",
       "      <td>...</td>\n",
       "      <td>9.784966e+10</td>\n",
       "      <td>3.936764e+11</td>\n",
       "      <td>4.458468e+10</td>\n",
       "      <td>1.446464e+11</td>\n",
       "      <td>39996.0</td>\n",
       "      <td>53129.0</td>\n",
       "      <td>5.421707e+09</td>\n",
       "      <td>6.097803e+09</td>\n",
       "      <td>2.415770e+09</td>\n",
       "      <td>1.139431e+10</td>\n",
       "    </tr>\n",
       "    <tr>\n",
       "      <th>18V1.1</th>\n",
       "      <td>18V1.1</td>\n",
       "      <td>3555871.0</td>\n",
       "      <td>6.815806e+09</td>\n",
       "      <td>5.484765e+09</td>\n",
       "      <td>1.816284e+09</td>\n",
       "      <td>3.470204e+09</td>\n",
       "      <td>652968426.0</td>\n",
       "      <td>276388698.0</td>\n",
       "      <td>122406091.0</td>\n",
       "      <td>102263027.0</td>\n",
       "      <td>...</td>\n",
       "      <td>9.779918e+10</td>\n",
       "      <td>3.955918e+11</td>\n",
       "      <td>4.414227e+10</td>\n",
       "      <td>1.422077e+11</td>\n",
       "      <td>34562.0</td>\n",
       "      <td>65618.0</td>\n",
       "      <td>5.448441e+09</td>\n",
       "      <td>6.733094e+09</td>\n",
       "      <td>2.970381e+09</td>\n",
       "      <td>1.247463e+10</td>\n",
       "    </tr>\n",
       "    <tr>\n",
       "      <th>18V1</th>\n",
       "      <td>18V1</td>\n",
       "      <td>3555871.0</td>\n",
       "      <td>6.815806e+09</td>\n",
       "      <td>5.484765e+09</td>\n",
       "      <td>1.816284e+09</td>\n",
       "      <td>3.470204e+09</td>\n",
       "      <td>652968426.0</td>\n",
       "      <td>276388698.0</td>\n",
       "      <td>122406091.0</td>\n",
       "      <td>102263027.0</td>\n",
       "      <td>...</td>\n",
       "      <td>9.779918e+10</td>\n",
       "      <td>3.955918e+11</td>\n",
       "      <td>4.414227e+10</td>\n",
       "      <td>1.422077e+11</td>\n",
       "      <td>34562.0</td>\n",
       "      <td>65618.0</td>\n",
       "      <td>5.448441e+09</td>\n",
       "      <td>6.733104e+09</td>\n",
       "      <td>2.865011e+09</td>\n",
       "      <td>1.219444e+10</td>\n",
       "    </tr>\n",
       "    <tr>\n",
       "      <th>17v1.1</th>\n",
       "      <td>17v1.1</td>\n",
       "      <td>3535776.0</td>\n",
       "      <td>6.813541e+09</td>\n",
       "      <td>5.464293e+09</td>\n",
       "      <td>1.815464e+09</td>\n",
       "      <td>3.449799e+09</td>\n",
       "      <td>649838284.0</td>\n",
       "      <td>276187004.0</td>\n",
       "      <td>122093670.0</td>\n",
       "      <td>104659836.0</td>\n",
       "      <td>...</td>\n",
       "      <td>9.822458e+10</td>\n",
       "      <td>3.846283e+11</td>\n",
       "      <td>4.492449e+10</td>\n",
       "      <td>1.478786e+11</td>\n",
       "      <td>34569.0</td>\n",
       "      <td>65628.0</td>\n",
       "      <td>5.446584e+09</td>\n",
       "      <td>6.685347e+09</td>\n",
       "      <td>2.863380e+09</td>\n",
       "      <td>1.216741e+10</td>\n",
       "    </tr>\n",
       "  </tbody>\n",
       "</table>\n",
       "<p>4 rows × 22 columns</p>\n",
       "</div>"
      ],
      "text/plain": [
       "        version   UnitsRes       LotArea      BldgArea       ComArea  \\\n",
       "version                                                                \n",
       "18v2       18v2  3572158.0  6.494762e+09  5.423755e+09  1.632128e+09   \n",
       "18V1.1   18V1.1  3555871.0  6.815806e+09  5.484765e+09  1.816284e+09   \n",
       "18V1       18V1  3555871.0  6.815806e+09  5.484765e+09  1.816284e+09   \n",
       "17v1.1   17v1.1  3535776.0  6.813541e+09  5.464293e+09  1.815464e+09   \n",
       "\n",
       "              ResArea   OfficeArea   RetailArea   GarageArea    StrgeArea  \\\n",
       "version                                                                     \n",
       "18v2     3.132005e+09  559981100.0  237699967.0  102022869.0   92064011.0   \n",
       "18V1.1   3.470204e+09  652968426.0  276388698.0  122406091.0  102263027.0   \n",
       "18V1     3.470204e+09  652968426.0  276388698.0  122406091.0  102263027.0   \n",
       "17v1.1   3.449799e+09  649838284.0  276187004.0  122093670.0  104659836.0   \n",
       "\n",
       "               ...           AssessLand     AssessTot    ExemptLand  \\\n",
       "version        ...                                                    \n",
       "18v2           ...         9.784966e+10  3.936764e+11  4.458468e+10   \n",
       "18V1.1         ...         9.779918e+10  3.955918e+11  4.414227e+10   \n",
       "18V1           ...         9.779918e+10  3.955918e+11  4.414227e+10   \n",
       "17v1.1         ...         9.822458e+10  3.846283e+11  4.492449e+10   \n",
       "\n",
       "            ExemptTot  FIRM07_FLAG  PFIRM15_FLAG  LotAreaXBuiltFAR  \\\n",
       "version                                                              \n",
       "18v2     1.446464e+11      39996.0       53129.0      5.421707e+09   \n",
       "18V1.1   1.422077e+11      34562.0       65618.0      5.448441e+09   \n",
       "18V1     1.422077e+11      34562.0       65618.0      5.448441e+09   \n",
       "17v1.1   1.478786e+11      34569.0       65628.0      5.446584e+09   \n",
       "\n",
       "         LotAreaXResidFAR  LotAreaXCommFAR  LotAreaXFacilFAR  \n",
       "version                                                       \n",
       "18v2         6.097803e+09     2.415770e+09      1.139431e+10  \n",
       "18V1.1       6.733094e+09     2.970381e+09      1.247463e+10  \n",
       "18V1         6.733104e+09     2.865011e+09      1.219444e+10  \n",
       "17v1.1       6.685347e+09     2.863380e+09      1.216741e+10  \n",
       "\n",
       "[4 rows x 22 columns]"
      ]
     },
     "execution_count": 170,
     "metadata": {},
     "output_type": "execute_result"
    }
   ],
   "source": [
    "summary"
   ]
  },
  {
   "cell_type": "code",
   "execution_count": 171,
   "metadata": {},
   "outputs": [],
   "source": [
    "summary_pct = summary.iloc[:, 1:].pct_change()"
   ]
  },
  {
   "cell_type": "code",
   "execution_count": 172,
   "metadata": {},
   "outputs": [
    {
     "data": {
      "text/html": [
       "<div>\n",
       "<style scoped>\n",
       "    .dataframe tbody tr th:only-of-type {\n",
       "        vertical-align: middle;\n",
       "    }\n",
       "\n",
       "    .dataframe tbody tr th {\n",
       "        vertical-align: top;\n",
       "    }\n",
       "\n",
       "    .dataframe thead th {\n",
       "        text-align: right;\n",
       "    }\n",
       "</style>\n",
       "<table border=\"1\" class=\"dataframe\">\n",
       "  <thead>\n",
       "    <tr style=\"text-align: right;\">\n",
       "      <th></th>\n",
       "      <th>UnitsRes</th>\n",
       "      <th>LotArea</th>\n",
       "      <th>BldgArea</th>\n",
       "      <th>ComArea</th>\n",
       "      <th>ResArea</th>\n",
       "      <th>OfficeArea</th>\n",
       "      <th>RetailArea</th>\n",
       "      <th>GarageArea</th>\n",
       "      <th>StrgeArea</th>\n",
       "      <th>FactryArea</th>\n",
       "      <th>...</th>\n",
       "      <th>AssessLand</th>\n",
       "      <th>AssessTot</th>\n",
       "      <th>ExemptLand</th>\n",
       "      <th>ExemptTot</th>\n",
       "      <th>FIRM07_FLAG</th>\n",
       "      <th>PFIRM15_FLAG</th>\n",
       "      <th>LotAreaXBuiltFAR</th>\n",
       "      <th>LotAreaXResidFAR</th>\n",
       "      <th>LotAreaXCommFAR</th>\n",
       "      <th>LotAreaXFacilFAR</th>\n",
       "    </tr>\n",
       "    <tr>\n",
       "      <th>version</th>\n",
       "      <th></th>\n",
       "      <th></th>\n",
       "      <th></th>\n",
       "      <th></th>\n",
       "      <th></th>\n",
       "      <th></th>\n",
       "      <th></th>\n",
       "      <th></th>\n",
       "      <th></th>\n",
       "      <th></th>\n",
       "      <th></th>\n",
       "      <th></th>\n",
       "      <th></th>\n",
       "      <th></th>\n",
       "      <th></th>\n",
       "      <th></th>\n",
       "      <th></th>\n",
       "      <th></th>\n",
       "      <th></th>\n",
       "      <th></th>\n",
       "      <th></th>\n",
       "    </tr>\n",
       "  </thead>\n",
       "  <tbody>\n",
       "    <tr>\n",
       "      <th>18v2</th>\n",
       "      <td>NaN</td>\n",
       "      <td>NaN</td>\n",
       "      <td>NaN</td>\n",
       "      <td>NaN</td>\n",
       "      <td>NaN</td>\n",
       "      <td>NaN</td>\n",
       "      <td>NaN</td>\n",
       "      <td>NaN</td>\n",
       "      <td>NaN</td>\n",
       "      <td>NaN</td>\n",
       "      <td>...</td>\n",
       "      <td>NaN</td>\n",
       "      <td>NaN</td>\n",
       "      <td>NaN</td>\n",
       "      <td>NaN</td>\n",
       "      <td>NaN</td>\n",
       "      <td>NaN</td>\n",
       "      <td>NaN</td>\n",
       "      <td>NaN</td>\n",
       "      <td>NaN</td>\n",
       "      <td>NaN</td>\n",
       "    </tr>\n",
       "    <tr>\n",
       "      <th>18V1.1</th>\n",
       "      <td>-0.004559</td>\n",
       "      <td>0.049431</td>\n",
       "      <td>0.011249</td>\n",
       "      <td>0.112832</td>\n",
       "      <td>0.107982</td>\n",
       "      <td>0.166054</td>\n",
       "      <td>0.162763</td>\n",
       "      <td>0.199791</td>\n",
       "      <td>0.110782</td>\n",
       "      <td>0.013758</td>\n",
       "      <td>...</td>\n",
       "      <td>-0.000516</td>\n",
       "      <td>0.004865</td>\n",
       "      <td>-0.009923</td>\n",
       "      <td>-0.016860</td>\n",
       "      <td>-0.135864</td>\n",
       "      <td>0.235069</td>\n",
       "      <td>4.931019e-03</td>\n",
       "      <td>0.104184</td>\n",
       "      <td>0.229580</td>\n",
       "      <td>0.094813</td>\n",
       "    </tr>\n",
       "    <tr>\n",
       "      <th>18V1</th>\n",
       "      <td>0.000000</td>\n",
       "      <td>0.000000</td>\n",
       "      <td>0.000000</td>\n",
       "      <td>0.000000</td>\n",
       "      <td>0.000000</td>\n",
       "      <td>0.000000</td>\n",
       "      <td>0.000000</td>\n",
       "      <td>0.000000</td>\n",
       "      <td>0.000000</td>\n",
       "      <td>0.000000</td>\n",
       "      <td>...</td>\n",
       "      <td>0.000000</td>\n",
       "      <td>0.000000</td>\n",
       "      <td>0.000000</td>\n",
       "      <td>0.000000</td>\n",
       "      <td>0.000000</td>\n",
       "      <td>0.000000</td>\n",
       "      <td>1.332268e-15</td>\n",
       "      <td>0.000001</td>\n",
       "      <td>-0.035474</td>\n",
       "      <td>-0.022461</td>\n",
       "    </tr>\n",
       "    <tr>\n",
       "      <th>17v1.1</th>\n",
       "      <td>-0.005651</td>\n",
       "      <td>-0.000332</td>\n",
       "      <td>-0.003733</td>\n",
       "      <td>-0.000452</td>\n",
       "      <td>-0.005880</td>\n",
       "      <td>-0.004794</td>\n",
       "      <td>-0.000730</td>\n",
       "      <td>-0.002552</td>\n",
       "      <td>0.023438</td>\n",
       "      <td>-0.006280</td>\n",
       "      <td>...</td>\n",
       "      <td>0.004350</td>\n",
       "      <td>-0.027714</td>\n",
       "      <td>0.017720</td>\n",
       "      <td>0.039878</td>\n",
       "      <td>0.000203</td>\n",
       "      <td>0.000152</td>\n",
       "      <td>-3.409097e-04</td>\n",
       "      <td>-0.007093</td>\n",
       "      <td>-0.000569</td>\n",
       "      <td>-0.002216</td>\n",
       "    </tr>\n",
       "  </tbody>\n",
       "</table>\n",
       "<p>4 rows × 21 columns</p>\n",
       "</div>"
      ],
      "text/plain": [
       "         UnitsRes   LotArea  BldgArea   ComArea   ResArea  OfficeArea  \\\n",
       "version                                                                 \n",
       "18v2          NaN       NaN       NaN       NaN       NaN         NaN   \n",
       "18V1.1  -0.004559  0.049431  0.011249  0.112832  0.107982    0.166054   \n",
       "18V1     0.000000  0.000000  0.000000  0.000000  0.000000    0.000000   \n",
       "17v1.1  -0.005651 -0.000332 -0.003733 -0.000452 -0.005880   -0.004794   \n",
       "\n",
       "         RetailArea  GarageArea  StrgeArea  FactryArea        ...         \\\n",
       "version                                                       ...          \n",
       "18v2            NaN         NaN        NaN         NaN        ...          \n",
       "18V1.1     0.162763    0.199791   0.110782    0.013758        ...          \n",
       "18V1       0.000000    0.000000   0.000000    0.000000        ...          \n",
       "17v1.1    -0.000730   -0.002552   0.023438   -0.006280        ...          \n",
       "\n",
       "         AssessLand  AssessTot  ExemptLand  ExemptTot  FIRM07_FLAG  \\\n",
       "version                                                              \n",
       "18v2            NaN        NaN         NaN        NaN          NaN   \n",
       "18V1.1    -0.000516   0.004865   -0.009923  -0.016860    -0.135864   \n",
       "18V1       0.000000   0.000000    0.000000   0.000000     0.000000   \n",
       "17v1.1     0.004350  -0.027714    0.017720   0.039878     0.000203   \n",
       "\n",
       "         PFIRM15_FLAG  LotAreaXBuiltFAR  LotAreaXResidFAR  LotAreaXCommFAR  \\\n",
       "version                                                                      \n",
       "18v2              NaN               NaN               NaN              NaN   \n",
       "18V1.1       0.235069      4.931019e-03          0.104184         0.229580   \n",
       "18V1         0.000000      1.332268e-15          0.000001        -0.035474   \n",
       "17v1.1       0.000152     -3.409097e-04         -0.007093        -0.000569   \n",
       "\n",
       "         LotAreaXFacilFAR  \n",
       "version                    \n",
       "18v2                  NaN  \n",
       "18V1.1           0.094813  \n",
       "18V1            -0.022461  \n",
       "17v1.1          -0.002216  \n",
       "\n",
       "[4 rows x 21 columns]"
      ]
     },
     "execution_count": 172,
     "metadata": {},
     "output_type": "execute_result"
    }
   ],
   "source": [
    "summary_pct"
   ]
  },
  {
   "cell_type": "code",
   "execution_count": 176,
   "metadata": {},
   "outputs": [
    {
     "data": {
